{
  "nbformat": 4,
  "nbformat_minor": 0,
  "metadata": {
    "colab": {
      "provenance": []
    },
    "kernelspec": {
      "name": "python3",
      "display_name": "Python 3"
    },
    "language_info": {
      "name": "python"
    }
  },
  "cells": [
    {
      "cell_type": "markdown",
      "source": [
        "#Fundamental Risk Return Portfolio"
      ],
      "metadata": {
        "id": "-6C2aYWNb5Hx"
      }
    },
    {
      "cell_type": "code",
      "execution_count": 1,
      "metadata": {
        "id": "CHo69XNBbwij"
      },
      "outputs": [],
      "source": [
        "import numpy as np\n",
        "import pandas as pd"
      ]
    },
    {
      "cell_type": "code",
      "source": [
        "stockFileName = '/content/DJIA_Apr112014_Apr112019.csv'\n",
        "rows = 1259\n",
        "columns = 29"
      ],
      "metadata": {
        "id": "ZjGy_SUH_bg1"
      },
      "execution_count": 2,
      "outputs": []
    },
    {
      "cell_type": "code",
      "source": [
        "df = pd.read_csv(stockFileName, nrows=rows)"
      ],
      "metadata": {
        "id": "7UJtkK_m_xjz"
      },
      "execution_count": 3,
      "outputs": []
    },
    {
      "cell_type": "code",
      "source": [
        "assetLabels = df.columns[1:columns+1].tolist()\n",
        "print(assetLabels)"
      ],
      "metadata": {
        "colab": {
          "base_uri": "https://localhost:8080/"
        },
        "id": "xXvWcMAb_6xM",
        "outputId": "bd520aa8-c080-4b55-9ae2-aee0f22a3a0f"
      },
      "execution_count": 4,
      "outputs": [
        {
          "output_type": "stream",
          "name": "stdout",
          "text": [
            "['AAPL', 'AXP', 'BA', 'CAT', 'CSCO', 'CVX', 'DIS', 'GS', 'HD', 'IBM', 'INTC', 'JNJ', 'JPM', 'KO', 'MCD', 'MMM', 'MRK', 'MSFT', 'NKE', 'PFE', 'PG', 'TRV', 'UNH', 'UTX', 'V', 'VZ', 'WBA', 'WMT', 'XOM']\n"
          ]
        }
      ]
    },
    {
      "cell_type": "code",
      "source": [
        "stockPrice = df.iloc[0:, 1:]\n",
        "print(stockPrice.shape)\n",
        "print(stockPrice)"
      ],
      "metadata": {
        "colab": {
          "base_uri": "https://localhost:8080/"
        },
        "id": "k4uZS7OEAGRS",
        "outputId": "48fbd790-7bcb-4d02-90c5-1575f0d39c6b"
      },
      "execution_count": 5,
      "outputs": [
        {
          "output_type": "stream",
          "name": "stdout",
          "text": [
            "(1259, 29)\n",
            "            AAPL         AXP          BA         CAT       CSCO         CVX  \\\n",
            "0      74.230003   84.540001  122.070000  101.449997  22.459999  117.029999   \n",
            "1      74.525711   85.500000  123.250000  102.779999  22.850000  118.699997   \n",
            "2      73.994286   86.040001  124.269997  102.500000  22.889999  120.300003   \n",
            "3      74.144287   87.400002  126.040001  102.930000  23.030001  121.830002   \n",
            "4      74.991432   86.220001  127.919998  102.830002  23.209999  123.680000   \n",
            "...          ...         ...         ...         ...        ...         ...   \n",
            "1254  197.000000  110.959999  391.929993  140.360001  55.209999  126.419998   \n",
            "1255  200.100006  110.699997  374.519989  139.820007  55.490002  126.680000   \n",
            "1256  199.500000  109.849998  369.040009  136.350006  55.180000  125.540001   \n",
            "1257  200.619995  110.160004  364.940002  137.529999  55.820000  125.489998   \n",
            "1258  198.949997  109.849998  370.160004  138.869995  55.599998  125.989998   \n",
            "\n",
            "             DIS          GS          HD         IBM  ...        PFE  \\\n",
            "0      77.010002  152.720001   75.699997  195.190002  ...  29.860001   \n",
            "1      77.620003  154.740005   75.970001  197.770004  ...  29.870001   \n",
            "2      77.660004  154.919998   75.889999  197.020004  ...  29.889999   \n",
            "3      78.949997  157.220001   76.580002  196.399994  ...  30.090000   \n",
            "4      79.989998  157.440002   77.089996  190.009995  ...  30.250000   \n",
            "...          ...         ...         ...         ...  ...        ...   \n",
            "1254  115.000000  202.380005  202.059998  143.279999  ...  42.990002   \n",
            "1255  114.959999  202.539993  203.550003  143.389999  ...  43.139999   \n",
            "1256  116.860001  200.619995  200.899994  142.110001  ...  42.840000   \n",
            "1257  117.160004  202.979996  199.429993  143.020004  ...  42.730000   \n",
            "1258  116.599998  202.830002  201.479996  143.779999  ...  42.270000   \n",
            "\n",
            "              PG         TRV         UNH         UTX           V         VZ  \\\n",
            "0      80.760002   85.300003   78.949997  113.930000   49.157501  47.070000   \n",
            "1      80.809998   85.500000   79.180000  114.940002   50.252499  47.270000   \n",
            "2      80.839996   85.889999   79.510002  115.839996   51.012501  46.919998   \n",
            "3      81.650002   86.779999   78.190002  118.070000   52.340000  47.099998   \n",
            "4      81.760002   86.680000   75.779999  118.570000   51.987499  47.599998   \n",
            "...          ...         ...         ...         ...         ...        ...   \n",
            "1254  103.650002  136.399994  248.779999  133.720001  157.649994  59.090000   \n",
            "1255  104.970001  135.880005  248.750000  133.559998  157.750000  59.130001   \n",
            "1256  104.660004  135.190002  248.789993  132.250000  157.490005  58.400002   \n",
            "1257  104.650002  135.460007  246.029999  131.660004  158.559998  58.610001   \n",
            "1258  104.750000  136.279999  235.419998  132.820007  157.860001  58.560001   \n",
            "\n",
            "            WBA         WMT         XOM  \n",
            "0     64.260002   76.500000   96.720001  \n",
            "1     65.669998   77.379997   97.860001  \n",
            "2     66.010002   76.879997   98.680000  \n",
            "3     66.160004   77.220001   99.940002  \n",
            "4     66.750000   77.660004  100.419998  \n",
            "...         ...         ...         ...  \n",
            "1254  54.689999   98.830002   82.489998  \n",
            "1255  55.060001   99.230003   83.000000  \n",
            "1256  54.500000   98.690002   81.930000  \n",
            "1257  54.509998   99.599998   81.559998  \n",
            "1258  53.439999  100.800003   81.949997  \n",
            "\n",
            "[1259 rows x 29 columns]\n"
          ]
        }
      ]
    },
    {
      "cell_type": "code",
      "source": [
        "def StockReturnsComputing(StockPrice, Rows, Columns):\n",
        "\n",
        "  StockReturn = np.zeros([Rows-1, Columns])\n",
        "  for j in range(Columns):\n",
        "    for i in range(Rows-1):\n",
        "      StockReturn[i,j] = ((StockPrice[i+1, j]-StockPrice[i,j])/StockPrice[i,j])*100\n",
        "\n",
        "  return StockReturn"
      ],
      "metadata": {
        "id": "O1Y5yokgGLvO"
      },
      "execution_count": 6,
      "outputs": []
    },
    {
      "cell_type": "code",
      "source": [
        "stockPriceArray = np.asarray(stockPrice)\n",
        "[Rows, Cols] = stockPriceArray.shape\n",
        "stockReturns = StockReturnsComputing(stockPriceArray, Rows, Cols)\n",
        "print('Daily returns of selective Dow 30 stocks \\n', stockReturns)"
      ],
      "metadata": {
        "colab": {
          "base_uri": "https://localhost:8080/"
        },
        "id": "ZKP_aegf1_Lc",
        "outputId": "845fe850-7637-4939-e743-a887f6c24c8e"
      },
      "execution_count": 7,
      "outputs": [
        {
          "output_type": "stream",
          "name": "stdout",
          "text": [
            "Daily returns of selective Dow 30 stocks \n",
            " [[ 0.39836722  1.13555594  0.96665847 ...  2.19420472  1.15032288\n",
            "   1.17866004]\n",
            " [-0.71307606  0.63158012  0.82758377 ...  0.51774632 -0.64616182\n",
            "   0.83793071]\n",
            " [ 0.20271971  1.5806613   1.42432127 ...  0.22724132  0.44225288\n",
            "   1.27685651]\n",
            " ...\n",
            " [-0.29985306 -0.76784013 -1.46320094 ... -1.01707408 -0.54419126\n",
            "  -1.28915663]\n",
            " [ 0.561401    0.28220847 -1.11099255 ...  0.01834495  0.92207517\n",
            "  -0.45160747]\n",
            " [-0.83241852 -0.2814143   1.43037266 ... -1.96294082  1.20482432\n",
            "   0.47817436]]\n"
          ]
        }
      ]
    },
    {
      "cell_type": "code",
      "source": [
        "#compute mean returns and variance covariance matrix of returns\n",
        "meanReturns = np.mean(stockReturns, axis = 0)\n",
        "print('Mean returns of Dow Stocks:\\n',  meanReturns)\n",
        "covReturns = np.cov(stockReturns, rowvar=False)\n",
        "print('Variance-covariance matrix of returns of Dow Stocks:\\n')\n",
        "print(covReturns)"
      ],
      "metadata": {
        "colab": {
          "base_uri": "https://localhost:8080/"
        },
        "id": "iaGFo6ianAI-",
        "outputId": "bf60b8d3-0701-4141-ff48-827629e5f3f6"
      },
      "execution_count": 9,
      "outputs": [
        {
          "output_type": "stream",
          "name": "stdout",
          "text": [
            "Mean returns of Dow Stocks:\n",
            " [ 0.09027598  0.02910022  0.09966449  0.0386567   0.0809993   0.01551509\n",
            "  0.03975381  0.03313877  0.08479014 -0.01611022  0.07274221  0.03154811\n",
            "  0.06041058  0.01915697  0.05653419  0.04422144  0.03579986  0.09974359\n",
            "  0.08008644  0.03375828  0.02514231  0.04254659  0.09548076  0.01871582\n",
            "  0.10128134  0.02314321 -0.00168528  0.02946248 -0.0061016 ]\n",
            "Variance-covariance matrix of returns of Dow Stocks:\n",
            "\n",
            "[[2.37512857 0.67159954 0.96196299 1.04226142 0.99890235 0.66413311\n",
            "  0.68002487 0.9540385  0.72630968 0.70945859 1.07333017 0.48572094\n",
            "  0.8251006  0.30601011 0.45823283 0.73218    0.53433977 1.22660419\n",
            "  0.77524223 0.5444771  0.41917661 0.50943202 0.77433417 0.69274799\n",
            "  1.0086701  0.29354661 0.69735896 0.44587945 0.63272823]\n",
            " [0.67159954 1.64817768 0.80008198 0.9502813  0.70010508 0.63080612\n",
            "  0.56872139 1.06463549 0.65826615 0.66251941 0.73789772 0.47196466\n",
            "  1.00101545 0.30743029 0.35037656 0.65268493 0.55568077 0.7945144\n",
            "  0.68112631 0.54156063 0.34473927 0.53506318 0.71830933 0.67723734\n",
            "  0.84700893 0.34247718 0.66688086 0.37953128 0.52158702]\n",
            " [0.96196299 0.80008198 2.28788869 1.31010124 0.88951117 0.81235903\n",
            "  0.71613388 1.06553088 0.7474291  0.77691868 0.96595019 0.56720978\n",
            "  0.97737004 0.38099252 0.47170257 0.87223471 0.57833707 0.92506778\n",
            "  0.8218734  0.53242063 0.41390469 0.62206326 0.74452648 0.93342475\n",
            "  0.92483951 0.42031728 0.67937008 0.50859443 0.72979658]\n",
            " [1.04226142 0.9502813  1.31010124 2.73293774 1.04070962 1.23579738\n",
            "  0.68846207 1.32135157 0.79609702 0.88512353 1.15246617 0.53207219\n",
            "  1.16862013 0.3575928  0.45532119 1.06821468 0.61626811 1.10384461\n",
            "  0.78896131 0.60979315 0.39121348 0.67869145 0.72009107 0.98562753\n",
            "  0.96349618 0.400679   0.68112899 0.43156621 1.05224209]\n",
            " [0.99890235 0.70010508 0.88951117 1.04070962 1.78902556 0.77315447\n",
            "  0.71301493 0.92736842 0.72425245 0.81719807 1.15660938 0.58309596\n",
            "  0.90853687 0.36218917 0.47658137 0.80528362 0.64732853 1.14200595\n",
            "  0.78507677 0.62237188 0.44128741 0.58736908 0.65635776 0.73868178\n",
            "  0.9396166  0.45371174 0.70654156 0.56006952 0.70953946]\n",
            " [0.66413311 0.63080612 0.81235903 1.23579738 0.77315447 1.932096\n",
            "  0.57422635 0.92783679 0.59651661 0.67870537 0.80956635 0.50655966\n",
            "  0.92523497 0.38139009 0.43457364 0.6903186  0.58157564 0.80664559\n",
            "  0.54177056 0.50672642 0.42583641 0.5708276  0.58621616 0.62326693\n",
            "  0.70656875 0.47564428 0.57628063 0.36149511 1.28443402]\n",
            " [0.68002487 0.56872139 0.71613388 0.68846207 0.71301493 0.57422635\n",
            "  1.35048191 0.77289139 0.58578463 0.57403111 0.72263063 0.39298643\n",
            "  0.71657743 0.3017284  0.36846253 0.55643828 0.46561062 0.67219088\n",
            "  0.66536599 0.47665498 0.36173875 0.49229329 0.55685825 0.5388492\n",
            "  0.67278109 0.41338199 0.63107721 0.40505355 0.56518704]\n",
            " [0.9540385  1.06463549 1.06553088 1.32135157 0.92736842 0.92783679\n",
            "  0.77289139 2.1138036  0.79525    0.80262739 1.00421204 0.5480571\n",
            "  1.55356454 0.30302496 0.46719648 0.84032034 0.70486405 1.02298914\n",
            "  0.7633673  0.62992167 0.3658698  0.77258711 0.81982371 0.82657363\n",
            "  1.00074604 0.40619105 0.81891634 0.41893615 0.80896708]\n",
            " [0.72630968 0.65826615 0.7474291  0.79609702 0.72425245 0.59651661\n",
            "  0.58578463 0.79525    1.3897185  0.61904803 0.74277819 0.46273836\n",
            "  0.75294425 0.34308617 0.47212001 0.64962548 0.4866731  0.78442675\n",
            "  0.81991843 0.5270469  0.38869254 0.54309905 0.65908572 0.59748122\n",
            "  0.79335092 0.40774674 0.6886112  0.55004085 0.51060107]\n",
            " [0.70945859 0.66251941 0.77691868 0.88512353 0.81719807 0.67870537\n",
            "  0.57403111 0.80262739 0.61904803 1.63226569 0.84349145 0.46439182\n",
            "  0.76717143 0.37157516 0.39096364 0.65073111 0.57614062 0.87286369\n",
            "  0.59226376 0.51273082 0.42835501 0.5309683  0.56366909 0.72098388\n",
            "  0.75236424 0.4445684  0.53380786 0.42994184 0.62132567]\n",
            " [1.07333017 0.73789772 0.96595019 1.15246617 1.15660938 0.80956635\n",
            "  0.72263063 1.00421204 0.74277819 0.84349145 2.5195914  0.55940497\n",
            "  0.92434812 0.39589367 0.44534822 0.86494966 0.64920211 1.33841005\n",
            "  0.74573698 0.64343442 0.44494161 0.61596263 0.71733199 0.76577121\n",
            "  0.94849863 0.45110502 0.7420937  0.45376612 0.74855107]\n",
            " [0.48572094 0.47196466 0.56720978 0.53207219 0.58309596 0.50655966\n",
            "  0.39298643 0.5480571  0.46273836 0.46439182 0.55940497 1.00141421\n",
            "  0.54407322 0.37413977 0.42465458 0.59482171 0.64932007 0.58741227\n",
            "  0.47386734 0.59794565 0.42766657 0.4613535  0.55089357 0.47737998\n",
            "  0.54672332 0.42971094 0.57914349 0.40038253 0.5033388 ]\n",
            " [0.8251006  1.00101545 0.97737004 1.16862013 0.90853687 0.92523497\n",
            "  0.71657743 1.55356454 0.75294425 0.76717143 0.92434812 0.54407322\n",
            "  1.70226421 0.32373671 0.4832029  0.7922617  0.67528448 0.92505458\n",
            "  0.72935902 0.63717426 0.36924885 0.78505295 0.76115789 0.7564726\n",
            "  0.88179126 0.42799605 0.71716322 0.429858   0.79929981]\n",
            " [0.30601011 0.30743029 0.38099252 0.3575928  0.36218917 0.38139009\n",
            "  0.3017284  0.30302496 0.34308617 0.37157516 0.39589367 0.37413977\n",
            "  0.32373671 0.80620631 0.36013003 0.40569467 0.3838862  0.43059045\n",
            "  0.36992108 0.29980306 0.47161157 0.41169434 0.30970825 0.34156821\n",
            "  0.3566923  0.3967689  0.35538981 0.34610452 0.34374569]\n",
            " [0.45823283 0.35037656 0.47170257 0.45532119 0.47658137 0.43457364\n",
            "  0.36846253 0.46719648 0.47212001 0.39096364 0.44534822 0.42465458\n",
            "  0.4832029  0.36013003 1.08645862 0.42034437 0.40168401 0.57180894\n",
            "  0.45589715 0.34922409 0.36113169 0.42965168 0.43029041 0.36170601\n",
            "  0.49314053 0.35738508 0.43294896 0.37945512 0.38461827]\n",
            " [0.73218    0.65268493 0.87223471 1.06821468 0.80528362 0.6903186\n",
            "  0.55643828 0.84032034 0.64962548 0.65073111 0.86494966 0.59482171\n",
            "  0.7922617  0.40569467 0.42034437 1.23949227 0.58756374 0.82671503\n",
            "  0.64157778 0.55172153 0.41912491 0.62094738 0.62246677 0.74508991\n",
            "  0.74666898 0.40804632 0.62544734 0.42671961 0.64933174]\n",
            " [0.53433977 0.55568077 0.57833707 0.61626811 0.64732853 0.58157564\n",
            "  0.46561062 0.70486405 0.4866731  0.57614062 0.64920211 0.64932007\n",
            "  0.67528448 0.3838862  0.40168401 0.58756374 1.5043898  0.63257047\n",
            "  0.51638898 0.79082276 0.41487843 0.48436208 0.61451124 0.47522323\n",
            "  0.6132868  0.48144284 0.64004378 0.45948971 0.56611981]\n",
            " [1.22660419 0.7945144  0.92506778 1.10384461 1.14200595 0.80664559\n",
            "  0.67219088 1.02298914 0.78442675 0.87286369 1.33841005 0.58741227\n",
            "  0.92505458 0.43059045 0.57180894 0.82671503 0.63257047 2.12289303\n",
            "  0.84515648 0.65477087 0.4918338  0.62489805 0.81476537 0.76295069\n",
            "  1.17480747 0.45864529 0.83234273 0.4839239  0.66480043]\n",
            " [0.77524223 0.68112631 0.8218734  0.78896131 0.78507677 0.54177056\n",
            "  0.66536599 0.7633673  0.81991843 0.59226376 0.74573698 0.47386734\n",
            "  0.72935902 0.36992108 0.45589715 0.64157778 0.51638898 0.84515648\n",
            "  2.2110946  0.49981829 0.3854958  0.51341632 0.66458782 0.59963521\n",
            "  0.83936583 0.36567803 0.68944143 0.51048011 0.49289368]\n",
            " [0.5444771  0.54156063 0.53242063 0.60979315 0.62237188 0.50672642\n",
            "  0.47665498 0.62992167 0.5270469  0.51273082 0.64343442 0.59794565\n",
            "  0.63717426 0.29980306 0.34922409 0.55172153 0.79082276 0.65477087\n",
            "  0.49981829 1.22879713 0.36723356 0.4610153  0.6697631  0.50914121\n",
            "  0.60315567 0.38318442 0.64267657 0.42400373 0.50641961]\n",
            " [0.41917661 0.34473927 0.41390469 0.39121348 0.44128741 0.42583641\n",
            "  0.36173875 0.3658698  0.38869254 0.42835501 0.44494161 0.42766657\n",
            "  0.36924885 0.47161157 0.36113169 0.41912491 0.41487843 0.4918338\n",
            "  0.3854958  0.36723356 0.89602256 0.39177289 0.36013677 0.37091905\n",
            "  0.41507424 0.41455209 0.43448343 0.41645975 0.40484976]\n",
            " [0.50943202 0.53506318 0.62206326 0.67869145 0.58736908 0.5708276\n",
            "  0.49229329 0.77258711 0.54309905 0.5309683  0.61596263 0.4613535\n",
            "  0.78505295 0.41169434 0.42965168 0.62094738 0.48436208 0.62489805\n",
            "  0.51341632 0.4610153  0.39177289 1.05609328 0.57490249 0.5598936\n",
            "  0.5672914  0.42760787 0.55136283 0.38799285 0.51716774]\n",
            " [0.77433417 0.71830933 0.74452648 0.72009107 0.65635776 0.58621616\n",
            "  0.55685825 0.81982371 0.65908572 0.56366909 0.71733199 0.55089357\n",
            "  0.76115789 0.30970825 0.43029041 0.62246677 0.61451124 0.81476537\n",
            "  0.66458782 0.6697631  0.36013677 0.57490249 1.72193806 0.59735461\n",
            "  0.74636076 0.35659433 0.78012842 0.48215088 0.53046732]\n",
            " [0.69274799 0.67723734 0.93342475 0.98562753 0.73868178 0.62326693\n",
            "  0.5388492  0.82657363 0.59748122 0.72098388 0.76577121 0.47737998\n",
            "  0.7564726  0.34156821 0.36170601 0.74508991 0.47522323 0.76295069\n",
            "  0.59963521 0.50914121 0.37091905 0.5598936  0.59735461 1.30072769\n",
            "  0.73576514 0.37269622 0.62108866 0.44736971 0.57223138]\n",
            " [1.0086701  0.84700893 0.92483951 0.96349618 0.9396166  0.70656875\n",
            "  0.67278109 1.00074604 0.79335092 0.75236424 0.94849863 0.54672332\n",
            "  0.88179126 0.3566923  0.49314053 0.74666898 0.6132868  1.17480747\n",
            "  0.83936583 0.60315567 0.41507424 0.5672914  0.74636076 0.73576514\n",
            "  1.70685388 0.33726478 0.72017945 0.42402111 0.62643838]\n",
            " [0.29354661 0.34247718 0.42031728 0.400679   0.45371174 0.47564428\n",
            "  0.41338199 0.40619105 0.40774674 0.4445684  0.45110502 0.42971094\n",
            "  0.42799605 0.3967689  0.35738508 0.40804632 0.48144284 0.45864529\n",
            "  0.36567803 0.38318442 0.41455209 0.42760787 0.35659433 0.37269622\n",
            "  0.33726478 1.15714096 0.48910367 0.41384225 0.41153949]\n",
            " [0.69735896 0.66688086 0.67937008 0.68112899 0.70654156 0.57628063\n",
            "  0.63107721 0.81891634 0.6886112  0.53380786 0.7420937  0.57914349\n",
            "  0.71716322 0.35538981 0.43294896 0.62544734 0.64004378 0.83234273\n",
            "  0.68944143 0.64267657 0.43448343 0.55136283 0.78012842 0.62108866\n",
            "  0.72017945 0.48910367 2.55412679 0.62471282 0.50655322]\n",
            " [0.44587945 0.37953128 0.50859443 0.43156621 0.56006952 0.36149511\n",
            "  0.40505355 0.41893615 0.55004085 0.42994184 0.45376612 0.40038253\n",
            "  0.429858   0.34610452 0.37945512 0.42671961 0.45948971 0.4839239\n",
            "  0.51048011 0.42400373 0.41645975 0.38799285 0.48215088 0.44736971\n",
            "  0.42402111 0.41384225 0.62471282 1.50880951 0.36486707]\n",
            " [0.63272823 0.52158702 0.72979658 1.05224209 0.70953946 1.28443402\n",
            "  0.56518704 0.80896708 0.51060107 0.62132567 0.74855107 0.5033388\n",
            "  0.79929981 0.34374569 0.38461827 0.64933174 0.56611981 0.66480043\n",
            "  0.49289368 0.50641961 0.40484976 0.51716774 0.53046732 0.57223138\n",
            "  0.62643838 0.41153949 0.50655322 0.36486707 1.41401567]]\n"
          ]
        }
      ]
    },
    {
      "cell_type": "code",
      "source": [
        "stockFileName = '/content/DJIAkpf1Apr2016to20193YBeta.csv'\n",
        "marketFileName = '/content/DJIAMarketDataApr2016to20193YBeta.csv'\n",
        "stockRows = 756\n",
        "stockColumns = 15\n",
        "marketRows = 756\n",
        "marketColumns = 7\n",
        "\n",
        "dfStock = pd.read_csv(stockFileName,  nrows= stockRows)\n",
        "dfMarket = pd.read_csv(marketFileName, nrows = marketRows)\n",
        "\n",
        "assetLabels = dfStock.columns[1:stockColumns+1].tolist()\n",
        "print('Portfolio stocks\\n', assetLabels)\n",
        "\n",
        "stockData = dfStock.iloc[0:, 1:]\n",
        "marketData = dfMarket.iloc[0:, [4]]\n",
        "\n",
        "arrayStockData = np.asarray(stockData)\n",
        "[sRows, sCols]=arrayStockData.shape\n",
        "stockReturns = StockReturnsComputing(arrayStockData, sRows, sCols)\n",
        "\n",
        "arrayMarketData = np.asarray(marketData)\n",
        "[mRows, mCols]=arrayMarketData.shape\n",
        "marketReturns = StockReturnsComputing(arrayMarketData, mRows, mCols)\n",
        "\n",
        "beta= []\n",
        "Var = np.var(marketReturns, ddof =1)\n",
        "for i in range(stockColumns):\n",
        "    CovarMat = np.cov(marketReturns[:,0], stockReturns[:, i ])\n",
        "    Covar  = CovarMat[1,0]\n",
        "    beta.append(Covar/Var)\n",
        "\n",
        "print('Asset Betas:  \\n')\n",
        "for data in beta:\n",
        "    print('{:9.3f}'.format(data))"
      ],
      "metadata": {
        "colab": {
          "base_uri": "https://localhost:8080/"
        },
        "id": "yf_NnVzBnGur",
        "outputId": "98d07d35-6bdf-4b0f-cde6-51b640c2189e"
      },
      "execution_count": 10,
      "outputs": [
        {
          "output_type": "stream",
          "name": "stdout",
          "text": [
            "Portfolio stocks\n",
            " ['AAPL', 'AXP', 'BA', 'CAT', 'CSCO', 'DIS', 'GS', 'HD', 'IBM', 'JPM', 'KO', 'MCD', 'MRK', 'UNH', 'WBA']\n",
            "Asset Betas:  \n",
            "\n",
            "    1.134\n",
            "    1.087\n",
            "    1.392\n",
            "    1.527\n",
            "    1.154\n",
            "    0.767\n",
            "    1.317\n",
            "    0.937\n",
            "    0.976\n",
            "    1.115\n",
            "    0.460\n",
            "    0.554\n",
            "    0.735\n",
            "    0.950\n",
            "    0.850\n"
          ]
        }
      ]
    },
    {
      "cell_type": "code",
      "source": [
        "weights = np.array([0.09, 0.07, 0.03, 0.02, 0.07, 0.06, 0.04, 0.07, 0.11, \\\n",
        "                    0.08, 0.09, 0.07, 0.05, 0.11, 0.04])\n",
        "assetBeta = np.array([1.13, 1.09, 1.39, 1.53, 1.15, 0.77, 1.32, 0.94, 0.98,\\\n",
        "                      1.12, 0.46, 0.55, 0.74, 0.95, 0.85])\n",
        "\n",
        "meanReturns = np.mean(stockReturns, axis = 0)\n",
        "covReturns = np.cov(stockReturns, rowvar=False)\n",
        "\n",
        "portfolioRisk = np.matmul((np.matmul(weights,covReturns)), np.transpose(weights))\n",
        "\n",
        "annualizedRisk  =   np.sqrt(portfolioRisk*251)\n",
        "\n",
        "portfolioReturn = np.matmul(np.array(meanReturns),weights.T)\n",
        "\n",
        "annualizedReturn = 251*np.array(portfolioReturn)\n",
        "\n",
        "portfolioBeta = np.matmul(assetBeta,weights.T)\n",
        "\n",
        "print(\"\\n Annualized Portfolio Risk: %4.2f\" % annualizedRisk,\"%\")\n",
        "print(\"\\n Annualized Expected Portfolio Return: %4.2f\" % annualizedReturn,\"%\")\n",
        "print(\"\\n Portfolio Beta:%4.2f\" % portfolioBeta)"
      ],
      "metadata": {
        "colab": {
          "base_uri": "https://localhost:8080/"
        },
        "id": "Cbl2plRSnbCX",
        "outputId": "5f3d4cd5-fcba-4e82-fc96-42b5de12195a"
      },
      "execution_count": 11,
      "outputs": [
        {
          "output_type": "stream",
          "name": "stdout",
          "text": [
            "\n",
            " Annualized Portfolio Risk: 12.54 %\n",
            "\n",
            " Annualized Expected Portfolio Return: 14.94 %\n",
            "\n",
            " Portfolio Beta:0.95\n"
          ]
        }
      ]
    },
    {
      "cell_type": "markdown",
      "source": [
        "# Finance Data Wrangling"
      ],
      "metadata": {
        "id": "tlXH0m-sn9GR"
      }
    },
    {
      "cell_type": "code",
      "source": [
        "def EmptyRowsElimination(dfAssetPrices):\n",
        "\n",
        "    [Rows, Columns] = dfAssetPrices.shape\n",
        "    dFrame = dfAssetPrices.iloc[0:Rows, 0:Columns]\n",
        "\n",
        "    dFClean = dFrame.dropna(axis =0, how ='all')\n",
        "    return dFClean"
      ],
      "metadata": {
        "id": "MTBQRI_YnhqG"
      },
      "execution_count": 12,
      "outputs": []
    },
    {
      "cell_type": "code",
      "source": [
        "#empty rows elimination from stock prices dataset\n",
        "\n",
        "StockFileName = '/content/Lesson2FinDataWranglingSampledata.csv'\n",
        "Rows = 12\n",
        "Columns = 18\n",
        "\n",
        "df = pd.read_csv(StockFileName,  nrows= Rows)\n",
        "\n",
        "assetNames = df.columns[1:Columns+1].tolist()\n",
        "print(assetNames)\n",
        "\n",
        "StockData = df.iloc[0:, 1:]\n",
        "dfClean = EmptyRowsElimination(StockData)\n",
        "print('\\nData cleaning completed!')\n",
        "[rows, cols]=dfClean.shape\n",
        "print('Dimensions of the cleaned dataset', dfClean.shape)\n",
        "print('Cleaned dataset: \\n', dfClean)"
      ],
      "metadata": {
        "colab": {
          "base_uri": "https://localhost:8080/"
        },
        "id": "fzkeFdKvoc-G",
        "outputId": "4e67abd4-9ddb-4438-b531-7c647e9818b2"
      },
      "execution_count": 13,
      "outputs": [
        {
          "output_type": "stream",
          "name": "stdout",
          "text": [
            "['RELIANCE INDUSTRIES LIMITED', 'INFOSYS TECHNOLOGIES LTD', 'ITC LTD', 'BHARTI AIRTEL LIMITED', 'HOUSING DEVELOPMENT FINANCE', 'LARSEN & TOUBRO LIMITED', 'ICICI BANK LTD', 'HDFC BANK LIMITED', 'OIL & NATURAL GAS CORP LTD', 'STATE BANK OF INDIA', 'HINDUSTAN UNILEVER LIMITED', 'BHARAT HEAVY ELECTRICALS', 'NTPC LIMITED', 'TATA CONSULTANCY SVS LTD', 'GAIL INDIA LTD', 'CIPLA LTD', 'GRASIM INDUSTRIES LTD', 'TATA POWER CO LTD']\n",
            "\n",
            "Data cleaning completed!\n",
            "Dimensions of the cleaned dataset (10, 18)\n",
            "Cleaned dataset: \n",
            "     RELIANCE INDUSTRIES LIMITED  INFOSYS TECHNOLOGIES LTD  ITC LTD  \\\n",
            "0                           NaN                       NaN      NaN   \n",
            "1                        245.23                    466.28    49.84   \n",
            "2                        246.77                    462.74    50.05   \n",
            "3                        244.11                    456.34    48.49   \n",
            "4                        241.34                    457.45    49.16   \n",
            "5                        242.15                    464.64    49.97   \n",
            "8                        242.11                    468.44    48.42   \n",
            "9                        247.50                    480.57    48.33   \n",
            "10                       249.80                    479.23    48.70   \n",
            "11                       236.50                    441.28    49.77   \n",
            "\n",
            "    BHARTI AIRTEL LIMITED  HOUSING DEVELOPMENT FINANCE  \\\n",
            "0                   45.00                          NaN   \n",
            "1                   44.15                       338.60   \n",
            "2                   41.20                       337.35   \n",
            "3                   41.40                       334.82   \n",
            "4                   42.45                       330.13   \n",
            "5                   43.45                       335.00   \n",
            "8                   42.65                       336.48   \n",
            "9                   43.55                       340.82   \n",
            "10                  44.30                       333.52   \n",
            "11                  40.90                       340.90   \n",
            "\n",
            "    LARSEN & TOUBRO LIMITED  ICICI BANK LTD  HDFC BANK LIMITED  \\\n",
            "0                       NaN             NaN                NaN   \n",
            "1                     81.53          127.80             248.45   \n",
            "2                     79.56          125.25             234.85   \n",
            "3                     76.94          124.30             236.00   \n",
            "4                     76.57          127.50             236.30   \n",
            "5                     76.25          140.25             247.00   \n",
            "8                     76.27          140.25             243.80   \n",
            "9                     77.47          135.45             237.70   \n",
            "10                    78.12          131.55             235.60   \n",
            "11                    73.34          125.55             235.20   \n",
            "\n",
            "    OIL & NATURAL GAS CORP LTD  STATE BANK OF INDIA  \\\n",
            "0                          NaN                  NaN   \n",
            "1                       152.57               229.09   \n",
            "2                       150.27               226.30   \n",
            "3                       155.37               226.82   \n",
            "4                       152.57               230.41   \n",
            "5                       156.73               227.81   \n",
            "8                       155.37               228.10   \n",
            "9                       161.27               245.55   \n",
            "10                      157.13               238.81   \n",
            "11                      149.13               214.93   \n",
            "\n",
            "    HINDUSTAN UNILEVER LIMITED  BHARAT HEAVY ELECTRICALS  NTPC LIMITED  \\\n",
            "0                          NaN                       NaN           NaN   \n",
            "1                       241.35                     94.33           NaN   \n",
            "2                       241.00                     86.93           NaN   \n",
            "3                       239.95                     85.80           NaN   \n",
            "4                       240.65                     85.30           NaN   \n",
            "5                       240.50                     88.23           NaN   \n",
            "8                       239.10                     86.63           NaN   \n",
            "9                       241.55                     91.45           NaN   \n",
            "10                      246.50                     93.08           NaN   \n",
            "11                      249.80                     84.08           NaN   \n",
            "\n",
            "    TATA CONSULTANCY SVS LTD  GAIL INDIA LTD  CIPLA LTD  \\\n",
            "0                        NaN             NaN        NaN   \n",
            "1                        NaN           54.97      84.12   \n",
            "2                        NaN           53.63      84.32   \n",
            "3                        NaN           52.33      85.21   \n",
            "4                        NaN           52.03      85.22   \n",
            "5                        NaN           51.93      84.92   \n",
            "8                        NaN           49.20      85.30   \n",
            "9                        NaN           51.40      83.87   \n",
            "10                       NaN           49.37      84.10   \n",
            "11                       NaN           47.27      80.44   \n",
            "\n",
            "    GRASIM INDUSTRIES LTD  TATA POWER CO LTD  \n",
            "0                     NaN                NaN  \n",
            "1                  315.51             133.35  \n",
            "2                  311.01             130.30  \n",
            "3                  301.66             126.50  \n",
            "4                  299.76             126.80  \n",
            "5                  299.06             129.90  \n",
            "8                  298.71             130.20  \n",
            "9                  300.96             131.45  \n",
            "10                 307.61             130.80  \n",
            "11                 289.21             119.30  \n"
          ]
        }
      ]
    },
    {
      "cell_type": "code",
      "source": [
        "#function to fill missing values of daily stock prices\n",
        "#Mandatory requirements: (1) The dataset should have been cleaned of all empty rows\n",
        "#before missing values are filled, and\n",
        "#(2) the opening row of the dataset should not have any empty fields\n",
        "\n",
        "def FillMissingValues(StockPrices):\n",
        "\n",
        "    import numpy as np\n",
        "    print('Fill missing values...')\n",
        "\n",
        "    [rows, cols] = np.where(np.asarray(np.isnan(StockPrices)))\n",
        "\n",
        "    for t in range(rows.size):\n",
        "        i=rows[t]\n",
        "        j = cols[t]\n",
        "        if (i-1) >= 0:\n",
        "            StockPrices.iloc[i,j]= StockPrices.iloc[i-1, j].copy()\n",
        "        else:\n",
        "            print('error')\n",
        "    return StockPrices"
      ],
      "metadata": {
        "id": "kdEwcmANowI6"
      },
      "execution_count": 14,
      "outputs": []
    },
    {
      "cell_type": "code",
      "source": [
        "#filling missing values of stock prices dataset\n",
        "\n",
        "StockFileName = '/content/Lesson2MissingValBSE200.csv'\n",
        "Rows = 11\n",
        "Columns = 5\n",
        "\n",
        "df = pd.read_csv(StockFileName,  nrows= Rows)\n",
        "StockData = df.iloc[0:, 1:]\n",
        "\n",
        "assetLabels = df.columns[1:Columns+1].tolist()\n",
        "print('Asset Labels:',assetLabels)\n",
        "\n",
        "stockDataClean = FillMissingValues(StockData)\n",
        "print('Filling missing values completed!\\n')\n",
        "print(stockDataClean)"
      ],
      "metadata": {
        "colab": {
          "base_uri": "https://localhost:8080/"
        },
        "id": "NnEOiZkdo29X",
        "outputId": "c14ab01e-84f1-4780-9e8d-d76e0a0c0ac1"
      },
      "execution_count": 15,
      "outputs": [
        {
          "output_type": "stream",
          "name": "stdout",
          "text": [
            "Asset Labels: ['JINDAL SAW LTD', 'BAJAJ HINDUSTHAN LIMITED', 'LAKSHMI MACHINE WORKS LTD', 'GUJARAT MINERAL DEV CORP LTD', 'MOSER BAER INDIA LTD']\n",
            "Fill missing values...\n",
            "Filling missing values completed!\n",
            "\n",
            "    JINDAL SAW LTD  BAJAJ HINDUSTHAN LIMITED  LAKSHMI MACHINE WORKS LTD  \\\n",
            "0            60.85                      5.10                      69.00   \n",
            "1            60.70                      5.10                      70.00   \n",
            "2            59.50                      5.10                      70.00   \n",
            "3            58.80                      5.06                      69.50   \n",
            "4            57.25                      4.92                      66.49   \n",
            "5            57.05                      5.25                      69.90   \n",
            "6            62.35                      5.25                      70.00   \n",
            "7            66.55                      4.86                      70.00   \n",
            "8            68.50                      4.86                      70.50   \n",
            "9            69.65                      4.86                      70.50   \n",
            "10           65.75                      4.86                      70.00   \n",
            "\n",
            "    GUJARAT MINERAL DEV CORP LTD  MOSER BAER INDIA LTD  \n",
            "0                           4.80                 86.08  \n",
            "1                           4.75                 86.55  \n",
            "2                           4.68                 86.87  \n",
            "3                           4.73                 86.67  \n",
            "4                           4.83                 86.65  \n",
            "5                           5.07                 84.27  \n",
            "6                           5.01                 82.45  \n",
            "7                           4.95                 82.92  \n",
            "8                           4.96                 83.62  \n",
            "9                           4.95                 84.22  \n",
            "10                          4.94                 83.20  \n"
          ]
        }
      ]
    },
    {
      "cell_type": "markdown",
      "source": [
        "# Heuristic Portfolio Selection"
      ],
      "metadata": {
        "id": "uV79oAwepKIn"
      }
    },
    {
      "cell_type": "code",
      "source": [
        "#read stock prices from a cleaned DJIA dataset\n",
        "from sklearn.cluster import KMeans\n",
        "\n",
        "stockFileName = '/content/DJIA_Apr112014_Apr112019.csv'\n",
        "originalRows = 1259\n",
        "originalColumns = 29\n",
        "clusters = 15\n",
        "\n",
        "df = pd.read_csv(stockFileName,  nrows= originalRows)\n",
        "\n",
        "assetLabels = df.columns[1:originalColumns+1].tolist()\n",
        "print(assetLabels)\n",
        "\n",
